      [38;2;7;7;7m▄[38;2;7;7;7m▄[38;2;7;7;7m[48;2;208;70;81m▀[0m[38;2;7;7;7m[48;2;208;70;81m▀[0m[38;2;7;7;7m[48;2;7;7;7m▀[0m        
     [38;2;7;7;7m[48;2;7;7;7m▀[0m[38;2;208;70;81m[48;2;208;70;81m▀[0m[38;2;208;70;81m[48;2;7;7;7m▀[0m[38;2;7;7;7m▀[38;2;7;7;7m▀         
      [38;2;7;7;7m[48;2;7;7;7m▀[0m[38;2;231;149;148m[48;2;231;149;148m▀[0m[38;2;7;7;7m[48;2;219;111;119m▀[0m[38;2;7;7;7m▄         
[38;2;7;7;7m[48;2;7;7;7m▀[0m[38;2;7;7;7m[48;2;231;149;148m▀[0m[38;2;7;7;7m▄[38;2;7;7;7m▄[38;2;7;7;7m[48;2;245;246;247m▀[0m[38;2;7;7;7m[48;2;245;246;247m▀[0m[38;2;181;180;186m[48;2;245;246;247m▀[0m[38;2;245;246;247m[48;2;181;180;186m▀[0m[38;2;181;180;186m[48;2;7;7;7m▀[0m[38;2;7;7;7m▀ [38;2;7;7;7m▄[38;2;7;7;7m▄[38;2;7;7;7m▄  [38;2;7;7;7m▄[38;2;7;7;7m▄ 
[38;2;7;7;7m▄[38;2;7;7;7m[48;2;231;149;148m▀[0m[38;2;66;66;66m[48;2;66;66;66m▀[0m[38;2;181;180;186m[48;2;245;246;247m▀[0m[38;2;245;246;247m[48;2;245;246;247m▀[0m[38;2;245;246;247m[48;2;245;246;247m▀[0m[38;2;245;246;247m[48;2;245;246;247m▀[0m[38;2;245;246;247m[48;2;245;246;247m▀[0m[38;2;66;66;66m[48;2;146;140;145m▀[0m[38;2;7;7;7m[48;2;191;193;191m▀[0m[38;2;7;7;7m[48;2;231;149;148m▀[0m[38;2;231;149;148m[48;2;231;149;148m▀[0m[38;2;231;149;148m[48;2;7;7;7m▀[0m[38;2;7;7;7m▀[38;2;7;7;7m▄[38;2;7;7;7m▄[38;2;7;7;7m[48;2;219;111;119m▀[0m[38;2;219;111;119m[48;2;7;7;7m▀[0m[38;2;7;7;7m▀
 [38;2;7;7;7m[48;2;7;7;7m▀[0m[38;2;66;66;66m[48;2;191;193;191m▀[0m[38;2;181;180;186m[48;2;219;111;119m▀[0m[38;2;245;246;247m[48;2;146;140;145m▀[0m[38;2;245;246;247m[48;2;146;140;145m▀[0m[38;2;146;140;145m[48;2;191;193;191m▀[0m[38;2;146;140;145m[48;2;191;193;191m▀[0m[38;2;191;193;191m[48;2;191;193;191m▀[0m[38;2;191;193;191m[48;2;66;66;66m▀[0m[38;2;66;66;66m[48;2;66;66;66m▀[0m[38;2;66;66;66m[48;2;146;140;145m▀[0m[38;2;231;149;148m[48;2;7;7;7m▀[0m[38;2;7;7;7m[48;2;219;111;119m▀[0m[38;2;219;111;119m[48;2;219;111;119m▀[0m[38;2;219;111;119m[48;2;66;66;66m▀[0m[38;2;7;7;7m[48;2;7;7;7m▀[0m[38;2;7;7;7m▄ 
[38;2;7;7;7m[48;2;7;7;7m▀[0m[38;2;66;66;66m[48;2;181;180;186m▀[0m[38;2;231;149;148m[48;2;245;246;247m▀[0m[38;2;191;193;191m[48;2;191;193;191m▀[0m[38;2;191;193;191m[48;2;191;193;191m▀[0m[38;2;219;111;119m[48;2;191;193;191m▀[0m[38;2;191;193;191m[48;2;231;149;148m▀[0m[38;2;208;70;81m[48;2;231;149;148m▀[0m[38;2;191;193;191m[48;2;208;70;81m▀[0m[38;2;191;193;191m[48;2;191;193;191m▀[0m[38;2;66;66;66m[48;2;191;193;191m▀[0m[38;2;66;66;66m[48;2;66;66;66m▀[0m[38;2;219;111;119m[48;2;208;70;81m▀[0m[38;2;208;70;81m[48;2;66;66;66m▀[0m[38;2;66;66;66m[48;2;219;111;119m▀[0m[38;2;208;70;81m[48;2;66;66;66m▀[0m[38;2;219;111;119m[48;2;7;7;7m▀[0m[38;2;7;7;7m▀ 
[38;2;7;7;7m▄[38;2;7;7;7m[48;2;66;66;66m▀[0m[38;2;247;148;41m[48;2;191;193;191m▀[0m[38;2;191;193;191m[48;2;146;140;145m▀[0m[38;2;191;193;191m[48;2;191;193;191m▀[0m[38;2;191;193;191m[48;2;191;193;191m▀[0m[38;2;245;246;247m[48;2;247;148;41m▀[0m[38;2;247;148;41m[48;2;245;246;247m▀[0m[38;2;245;246;247m[48;2;191;193;191m▀[0m[38;2;191;193;191m[48;2;191;193;191m▀[0m[38;2;191;193;191m[48;2;66;66;66m▀[0m[38;2;191;193;191m[48;2;66;66;66m▀[0m[38;2;66;66;66m[48;2;219;111;119m▀[0m[38;2;66;66;66m[48;2;66;66;66m▀[0m[38;2;245;246;247m[48;2;245;246;247m▀[0m[38;2;219;111;119m[48;2;245;246;247m▀[0m[38;2;7;7;7m[48;2;7;7;7m▀[0m  
[38;2;7;7;7m▀[38;2;181;180;186m[48;2;7;7;7m▀[0m[38;2;66;66;66m[48;2;245;246;247m▀[0m[38;2;191;193;191m[48;2;146;140;145m▀[0m[38;2;191;193;191m[48;2;66;66;66m▀[0m[38;2;191;193;191m[48;2;66;66;66m▀[0m[38;2;191;193;191m[48;2;66;66;66m▀[0m[38;2;146;140;145m[48;2;245;246;247m▀[0m[38;2;146;140;145m[48;2;245;246;247m▀[0m[38;2;66;66;66m[48;2;181;180;186m▀[0m[38;2;208;70;81m[48;2;66;66;66m▀[0m[38;2;219;111;119m[48;2;66;66;66m▀[0m[38;2;66;66;66m[48;2;191;193;191m▀[0m[38;2;245;246;247m[48;2;7;7;7m▀[0m[38;2;217;221;222m[48;2;7;7;7m▀[0m[38;2;7;7;7m▀   
  [38;2;7;7;7m▀[38;2;245;246;247m[48;2;7;7;7m▀[0m[38;2;245;246;247m[48;2;90;91;90m▀[0m[38;2;245;246;247m[48;2;7;7;7m▀[0m[38;2;245;246;247m[48;2;7;7;7m▀[0m[38;2;245;246;247m[48;2;66;66;66m▀[0m[38;2;66;66;66m[48;2;191;193;191m▀[0m[38;2;66;66;66m[48;2;7;7;7m▀[0m[38;2;7;7;7m▀[38;2;146;140;145m[48;2;7;7;7m▀[0m[38;2;191;193;191m[48;2;117;117;117m▀[0m[38;2;7;7;7m[48;2;7;7;7m▀[0m     
   [38;2;7;7;7m▀[38;2;7;7;7m▀ [38;2;7;7;7m[48;2;7;7;7m▀[0m[38;2;117;117;117m[48;2;7;7;7m▀[0m[38;2;7;7;7m▀  [38;2;7;7;7m▀[38;2;7;7;7m▀      
[0m
